+237657841880
+237657841880
+237657841880
+237657841880
+237657841880
+237657841880
+237657841880
+237657841880
+237657841880
+237657841880
+237657841880
+237657841880
+237657841880
+237655532267
+237650953029
+237699440570
+237698233752
+237696793324
+237681389653
+237699530444
+237696745663
+237658341653
+237696745663
+237653781052
+237656266888
+237657380311
+237690775125
+237693299951
+237694911347
+237651898886
+237690486398
+237697118233
+237672086609
+237659949242
+237697814911
+237655262799
+237698704618
+237696109838
+237672405287
+237658024523
+237653993940
+237671344375
+237698648568
+237628377050
+237695735797
+237659423342
+237650867853
+237657298107
+237693536667
+237695187760
+237673647758
+237693810675
+237696751617
+237698811954
+237657609688
+237697847210
+237696700828
+237697486264
+237651567627
+237658698518
+237697212515
+237697867859
+237655020472
+237694245877
+237695844355
+237674412048
+237683128066
+237670356436
+237694769369
+237651297149
+237656322245
+237651607636
+237656031312
+237693668285
+237692296061
+237694363674
+237681517514
+237698387815
+237675546435
+237656040935
+237691882229
+237696023418
+237695552889
+237678498211
+237698019799
+237696705662
+237650793379
+237650793379
+237691369838
+237696714016
+237690356871
+237659323378
+237657758028
+237678358010
+237698310001
+237657421437
+237652561097
+237696298711
+237693535374
+237656482516
+237676497690
+237666987914
+237694529545
+237681124097
+237675888765
+237694903562
+237694529545
+237677443031
+237677831988
+237659287457
+237682285046
+237677443031
+237696570606
+237694562867
+237697971049
+237690945488
+237695955549
+237659075101
+237658091115
+237655609021
+237657951933
+237691884236
+237681575668
+237693375231
+237699110119
+237673657265
+237659022879
+237673657265
+237695263491
+237692066128
+237693118415
+237657520398
+237677345776
+237651231641
+237695465659
+237672317169
+237679616510
+237655362885
+237697374135
+237650813490
+237698636027
+237655882583
+237698300245
+237658962543
+237690419130
+237655036843
+237695008777
+237699277603
+237663554443
+237672644895
+237690820170
+237682912102
+237694251493
+237696868640
+237653191282
+237656355981
+237691874881
+237698708908
+237690393137
+237696286736
+237679468026
+237654159883
+237691543227
+237694327885
+237676992954
+237675754917
+237694240807
+237680156580
+237692498346
+237694998337
+237657349200
+237693601431
+237690313919
+237655282863
+237655899540
+237691185769
+237698639650
+237658950859
+237693504916
+237650034791
+237690238045
+237690937766
+237692661862
+237697573170
+237698612947
+237653837289
+237671554475
+237658371846
+237655261590
+237670201116
+237655168080
+237657353155
+237679650788
+237692492211
+237653558528
+237679464252
+237681871237
+237656381363
+237695351462
+237677034014
+237629672461
+237697998572
+237697998572
+237693676225
+237651913734
+237651913734
+237681232929
+237674840793
+237681947265
+237699783823
+237694197173
+237694687224
+237656891723
+237655081024
+237698310414
+237675030379
+237693242965
+237653219891
+237691364551
+237691828812
+237693930023
+237691945410
+237678193885
+237696834727
+237671136653
+237698735945
+237651899430
+237695673721
+237695743671
+237681509574
+237691626275
+237699770423
+237656635812
+237691626275
+237676208081
+237697535064
+237697385071
+237690938585
+237696205830
+237691370070
+237694816659
+237658919648
+237695410005
+237699917470
+237696241760
+237698155027
+237697123610
+237694022189
+237697394143
+237697070222
+237655358535
+237690304490
+237676851770
+237652995305
+237693958951
+237659568690
+237697026071
+237695236012
+237695021326
+237691002943
+237671525592
+237678812575
+237693172277
+237691637202
+237655629150
+237671499526
+237655130055
+237694078601
+237690358237
+237656604611
+237693057996
+237651584415
+237676525025
+237693734993
+237656593861
+237650300549
+237679863101
+237666162693
+237670287716
+237655501986
+237709197068
+237647418571
+237690887272
+237670720821
+237696034785
+237691912290
+237657628343
+237680228670
+237655012530
+237675882141
+237674546469
+237695064138
+237758587694
+237691764443
+237694888865
+237697777201
+237657068227
+237698931356
+237693248096
+237670034542
+237654384855
+237691284555
+237677624209
+237678292928
+237699914801
+237698123483
+237678749943
+237681366177
+237693365568
+237678869268
+237696809181
+237680589228
+237650857566
+237650857566
+237670331507
+237696633192
+237659457235
+237698053941
+237698329985
+237698706990
+237653009426
+237674290397
+237693543304
+237677510065
+237697033218
+237657654405
+237673007074
+237694940022
+237697798679
+237658973118
+237697075698
+237673101899
+237699621887
+237698278601
+237676341333
+237698088953
+237695353567
+237676568114
+237698962251
+237655723573
+237695210625
+237697116410
+237698115553
+237696174729
+237683058639
+237698088953
+237694325440
+237693610178
+237698408484
+237698368079
+237695977634
+237691887951
+237691481891
+237657187380
+237691162125
+237659019589
+237694316896
+237657683777
+237652799760
+237696729589
+237680825888
+237690411508
+237699022555
+237694316896
+237696729589
+237690103883
+237679406293
+237691485392
+237691226678
+237675612073
+237659283479
+237675366597
+237696949274
+237656333965
+237695650514
+237695996892
+237651869067
+237697873758
+237679272639
+237695823147
+237695103454
+237656672367
+237690760970
+237694664586
+237658245896
+237655020965
+237659143992
+237691421345
+237696537005
+237670445916
+237691185731
+237696080427
+237652746068
+237691176373
+237696970143
+237678302912
+237672686811
+237694816659
+237691971253
+237694465252
+237676046667
+237698084172
+237680437690
+237659363896
+237657670723
+237691138722
+237695025557
+237680846245
+237691951279
+237690155411
+237693860513
+237655541418
+237673877442
+237651974087
+237656291296
+237696215594
+237675894664
+237690294988
+237695721015
+237690155411
+237697526421
+237682468061
+237697738711
+237690294988
+237656328258
+237696648053
+237682120698
+237655525271
+237694289592
+237682157646
+237691617558
+237692791679
+237698305446
+237694670886
+237656838944
+237656573621
+237690812917
+237673999349
+237697863743
+237674433761
+237655186141
+237682931157
+237677560363
+237658290347
+237694720604
+237692608140
+237653593934
+237691266737
+237656889411
+237695303395
+237699679751
+237695540230
+237675702649
+237658349033
+237694685201
+237655028611
+237651709302
+237695990243
+237675272585
+237650620120
+237678865814
+237699705233
+237653034412
+237672746811
+237651339726
+237699863047
+237697867390
+237695595946
+237678865814
+237693347023
+237655508949
+237659157942
+237655932721
+237671302512
+237694980274
+237690422772
+237693126007
+237677625110
+237671302512
+237671505032
+237657940731
+237693616793
+237653616404
+237695608257
+237655782543
+237694770145
+237691510374
+237693910264
+237681838396
+237655400619
+237695457921
+237671251958
+237677499191
+237693098224
+237678167281
+237655400619
+237695965158
+237656227451
+237698033506
+237693185235
+237698194699
+237658618916
+237699025582
+237690841201
+237655145096
+237670007506
+237691679958
+237694967367
+237694425830
+237690165276
+237691311127
+237692968788
+237658276199
+237670010465
+237697980045
+237697462273
+237691787143
+237682643630
+237671198034
+237691787143
+237698702480
+237697208572
+237656053016
+237653591565
+237655411933
+237680783334
+237657735301
+237656753925
+237969544401
+237693886559
+237683680009
+237677762717
+237694889489
+237656151785
+237655015725
+237694256661
+237658186672
+237695539108
+237698659077
+237659283479
+237690562917
+237693611139
+237680700606
+237656305604
+237655058177
+237692743798
+237673360507
+237655008839
+237671737919
+237699155311
+237657294484
+237699084182
+237690518867
+237658411907
+237698498302
+237692177101
+237650386077
+237657585237
+237691900188
+237651401176
+237698467403
+237657921065
+237699742265
+237692314938
+237655077696
+237673954758
+237698341264
+237694186533
+237697276218
+237658615988
+237696264310
+237673954758
+237698169894
+237690898899
+237678457227
+237655422043
+237694666257
+237659012578
+237692454656
+237695862933
+237693682743
+237697977044
+237655499655
+237673954758
+237690317083
+237657127379
+237690583197
+237677011174
+237657551853
+237691674870
+237694916894
+237698626624
+237694942224
+237698113769
+237656236045
+237694768614
+237697338245
+237657937401
+237656978945
+237670944257
+237656949711
+237655544334
+237697618357
+237695207693
+237691715322
+237696510284
+237656142091
+237678928395
+237691834881
+237651429518
+237690525774
+237678928395
+237676943531
+237695090708
+237695745935
+237676526835
+237693879665
+237678928396
+237696008469
+237696137237
+237680532694
+237693799383
+237657615189
+237654175162
+237690412042
+237659984048
+237690950787
+237694543088
+237675919362
+237690551556
+237691123634
+237690445560
+237695526964
+237691123247
+237679362641
+237691227750
+237698072981
+237692283451
+237678122069
+237695297923
+237657900378
+237673686015
+237651006697
+237650665564
+237699043639
+237678272322
+237695138717
+237690937130
+237659173743
+237698994955
+237653904404
+237697069318
+237697856202
+237651807627
+237658572137
+237655668004
+237691981815
+237691006475
+237653386618
+237650241086
+237694660756
+237695833143
+237692125614
+237655054216
+237673833147
+237699748942
+237653333133
+237698986894
+237675430213
+237657225397
+237682309830
+237658395623
+237693818522
+237690647291
+237656241660
+237693846071
+237655438928
+237691789365
+237673800533
+237670288175
+237681186279
+237695777866
+237676339610
+237671429442
+237658033026
+237699372754
+237694162564
+237695047478
+237650977548
+237655532267
+237650953029
+237699440570
+237698233752
+237696793324
+237681389653
+237699530444
+237696745663
+237658341653
+237696745663
+237653781052
+237656266888
+237657380311
+237690775125
+237693299951
+237694911347
+237651898886
+237690486398
+237697118233
+237672086609
+237659949242
+237697814911
+237655262799
+237698704618
+237696109838
+237672405287
+237658024523
+237653993940
+237671344375
+237698648568
+237628377050
+237695735797
+237659423342
+237650867853
+237657298107
+237693536667
+237695187760
+237673647758
+237693810675
+237696751617
+237698811954
+237657609688
+237697847210
+237696700828
+237697486264
+237651567627
+237658698518
+237697212515
+237697867859
+237655020472
+237694245877
+237695844355
+237674412048
+237683128066
+237670356436
+237694769369
+237651297149
+237656322245
+237651607636
+237656031312
+237693668285
+237692296061
+237694363674
+237681517514
+237698387815
+237675546435
+237656040935
+237691882229
+237696023418
+237695552889
+237678498211
+237698019799
+237696705662
+237650793379
+237650793379
+237691369838
+237696714016
+237690356871
+237659323378
+237657758028
+237678358010
+237698310001
+237657421437
+237652561097
+237696298711
+237693535374
+237656482516
+237676497690
+237666987914
+237694529545
+237681124097
+237675888765
+237694903562
+237694529545
+237677443031
+237677831988
+237659287457
+237682285046
+237677443031
+237696570606
+237694562867
+237697971049
+237690945488
+237695955549
+237659075101
+237658091115
+237655609021
+237657951933
+237691884236
+237681575668
+237693375231
+237699110119
+237673657265
+237659022879
+237673657265
+237695263491
+237692066128
+237693118415
+237657520398
+237677345776
+237651231641
+237695465659
+237672317169
+237679616510
+237655362885
+237697374135
+237650813490
+237698636027
+237655882583
+237698300245
+237658962543
+237690419130
+237655036843
+237695008777
+237699277603
+237663554443
+237672644895
+237690820170
+237682912102
+237694251493
+237696868640
+237653191282
+237656355981
+237691874881
+237698708908
+237690393137
+237696286736
+237679468026
+237654159883
+237691543227
+237694327885
+237676992954
+237675754917
+237694240807
+237680156580
+237692498346
+237694998337
+237657349200
+237693601431
+237690313919
+237655282863
+237655899540
+237691185769
+237698639650
+237658950859
+237693504916
+237650034791
+237690238045
+237690937766
+237692661862
+237697573170
+237698612947
+237653837289
+237671554475
+237658371846
+237655261590
+237670201116
+237655168080
+237657353155
+237679650788
+237692492211
+237653558528
+237679464252
+237681871237
+237656381363
+237695351462
+237677034014
+237629672461
+237697998572
+237697998572
+237693676225
+237651913734
+237651913734
+237681232929
+237674840793
+237681947265
+237699783823
+237694197173
+237694687224
+237656891723
+237655081024
+237698310414
+237675030379
+237693242965
+237653219891
+237691364551
+237691828812
+237693930023
+237691945410
+237678193885
+237696834727
+237671136653
+237698735945
+237651899430
+237695673721
+237695743671
+237681509574
+237691626275
+237699770423
+237656635812
+237691626275
+237676208081
+237697535064
+237697385071
+237690938585
+237696205830
+237691370070
+237694816659
+237658919648
+237695410005
+237699917470
+237696241760
+237698155027
+237697123610
+237694022189
+237697394143
+237697070222
+237655358535
+237690304490
+237676851770
+237652995305
+237693958951
+237659568690
+237697026071
+237695236012
+237695021326
+237691002943
+237671525592
+237678812575
+237693172277
+237691637202
+237655629150
+237671499526
+237655130055
+237694078601
+237690358237
+237656604611
+237693057996
+237651584415
+237676525025
+237693734993
+237656019234
+237656426927
+237650224217
+237672538822
+237696414457
+237655850505
+237655175134
+237681048351
+237697115838
+237690204802
+237698356810
+237696517556
+237671877646
+237672818643
+237658570703
+237674606135
+237698109376
+237691082196
+237679413756
+237654352091
+237677777752
+237695250332
+237680419460
+237650888704
+237659452962
+237693939422
+237691487617
+237675733955
+237692914907
+237691729039
+237651753640
+237696164032
+237693551393
+237681108928
+237698587740
+237658734817
+237678659687
+237655816090
+237694695369
+237658306622
+237693377198
+237690316401
+237655334323
+237698715853
+237691401993
+237693384241
+237680103036
+237675643515
+237691914277
+237657019043
+237698936643
+237695960802
+237697198838
+237699216125
+237698182045
+237696641846
+237694752354
+237654906681
+237650936911
+237658472424
+237699571818
+237659145920
+237656101743
+237670152559
+237671231447
+237698834951
+237680113793
+237657119385
+237691395770
+237694564842
+237694051836
+237693086305
+237697112795
+237680794728
+237691239638
+237654175196
+237699070673
+237695742477
+237670053077
+237696480333
+237658849741
+237694038560
+237698409393
+237695301077
+237655833111
+237676107551
+237658865211
+237670795740
+237695216379
+237694703995
+237655224588
+237693647376
+237655863606
+237680433112
+237680436003
+237695426777
+237651413599
+237655678867
+237693017633
+237656264248
+237694435770
+237697050558
+237651923855
+237696952698
+237698784518
+237655168620
+237656873794
+237691134888
+237698739872
+237652383575
+237690961347
+237652587871
+237656412015
+237695250073
+237675391460
+237682329372
+237697161365
+237655837242
+237651844187
+237679447349
+237659448500
+237699748304
+237693332726
+237694822736
+237682682922
+237650468636
+237655435635
+237655382064
+237696975630
+237657624520
+237690518214
+237691808491
+237680030283
+237675601625
+237697815694
+237698808510
+237654707793
+237674178627
+237698862614
+237691511045
+237694431937
+237651527104
+237691718713
+237677004700
+237675860694
+237699415869
+237691976099
+237653382286
+237693144365
+237680932329
+237671330198
+237690895345
+237671328319
+237698657690
+237654043657
+237692276390
+237697432579
+237654217590
+237698656372
+237690789709
+237695724029
+237655878988
+237694102039
+237655276509
+237655673967
+237673770528
+237694243025
+237651009400
+237695271021
+237690589245
+237693522710
+237690888101
+237658840728
+237672221594
+237694834609
+237693916692
+237655556763
+237655551129
+237693953254
+237655850753
+237691996525
+237656760587
+237659292473
+237655898960
+237650071245
+237674147724
+237651470453
+237656151410
+237657688078
+237697642304
+237675548753
+237699354188
+237654172574
+237652481643
+237696651680
+237699446036
+237696107126
+237695125001
+237650609998
+237695563256
+237694411389
+237697723787
+237690151348
+237693077326
+237694953274
+237656344921
+237695254685
+237691805883
+237693264662
+237672549477
+237699082162
+237693062045
+237670868158
+237694733910
+237693303820
+237695875007
+237656349647
+237655806027
+237697397460
+237659384694
+237697377464
+237698707972
+237656061284
+237670875456
+237655046348
+237659036855
+237670363633
+237698270689
+237655135188
+237674171618
+237699986602
+237657283829
+237656882870
+237655127491
+237690938242
+237655108162
+237678268945
+237690584069
+237656557416
+237691584145
+237690886685
+237698400451
+237694956246
+237696917422
+237693648588
+237696200888
+237679462845
+237673500691
+237675397401
+237679776254
+237693764355
+237693337900
+237698163618
+237698985803
+237693513152
+237655367635
+237674366441
+237678005269
+237659431786
+237693439462
+237696643390
+237690401659
+237694800386
+237691724418
+237679600980
+237690731653
+237690571872
+237698432024
+237697685096
+237658715749
+237691671223
+237651938018
+237657708356
+237698497851
+237696777791
+237690514426
+237691776035
+237674158786
+237691293890
+237696388931
+237681918835
+237693529564
+237691993801
+237657615002
+237694152915
+237678938160
+237699067865
+237690266793
+237693540304
+237698571519
+237695139073
+237698638674
+237698378183
+237658030358
+237696617291
+237697894680
+237696009832
+237655205565
+237696870361
+237690935179
+237695190286
+237696454929
+237694447064
+237655951942
+237679105823
+237690651993
+237672248951
+237699310500
+237682783505
+237690677889
+237697508856
+237696066017
+237699534203
+237676478214
+237659472128
+237697096245
+237693566353
+237696855251
+237655292892
+237694401370
+237656076775
+237681352716
+237659114523
+237698258120
+237658383037
+237675227829
+237698156435
+237697684959
+237657038593
+237673579002
+237692691658
+237659479163
+237655937496
+237691393978
+237656075914
+237691298316
+237695660226
+237659497625
+237694629694
+237696479313
+237652600431
+237699420517
+237679571127
+237694437883
+237699605331
+237677435166
+237697258691
+237693289331
+237691903597
+237691019181
+237698064091
+237657756910
+237699000118
+237651316105
+237652080070
+237675657636
+237675621980
+237691997527
+237656712950
+237681932593
+237652388771
+237690720335
+237655248773
+237655913853
+237678040860
+237694882266
+237658996361
+237699544635
+237696145686
+237656892463
+237665137136
+237670566020
+237697757136
+237655513594
+237678772035
+237699898413
+237690843820
+237659345003
+237690616966
+237691163293
+237650601360
+237672682271
+237659208637
+237693024930
+237692780050
+237694777981
+237690952403
+237654064466
+237696197078
+237675579029
+237696165285
+237652497967
+237651396361
+237699362092
+237690942171
+237655151318
+237693505311
+237697430007
+237658284197
+237697578683
+237690836782
+237694890920
+237698919114
+237656906053
+237693008385
+237658617726
+237659342283
+237696627103
+237658873109
+237698630995
+237699133654
+237690041128
+237696626812
+237698456874
+237698055913
+237675306314
+237657603051
+237678548870
+237694200306
+237695717405
+237698396056
+237673409912
+237691853284
+237692864362
+237690516023
+237652767026
+237691622512
+237655007184
+237655354353
+237657008386
+237656586086
+237695246229
+237678554837
+237655021154
+237652385117
+237695094478
+237655805358
+237655140464
+237655326830
+237694244953
+237698551173
+237656115118
+237697787124
+237657040472
+237658458373
+237699441270
+237698163273
+237655937007
+237656337703
+237672753043
+237671776841
+237655192032
+237655802030
+237697030915
+237670151095
+237658122196
+237651162573
+237694318449
+237672370428
+237679602352
+237694693678
+237695750113
+237694235778
+237658792840
+237697196715
+237690209500
+237697741772
+237693508944
+237675463220
+237657736018
+237656150596
+237690654894
+237659070202
+237658047651
+237697929452
+237690051100
+237698654318
+237670184505
+237682493549
+237656908374
+237695322811
+237675904569
+237693640792
+237650421106
+237695689940
+237695427192
+237682143625
+237691803415
+237696027087
+237699102189
+237697013052
+237690175046
+237697575953
+237699570307
+237682240574
+237659245546
+237695839058
+237693830147
+237659003563
+237697053662
+237672958720
+237694757826
+237695566051
+237654297432
+237694265303
+237671173580
+237692529017
+237692743053
+237690709466
+237681478761
+237699850861
+237673804509
+237652560783
+237699879452
+237658741777
+237697557866
+237691828225
+237679274545
+237670409971
+237699021001
+237676475525
+237690536322
+237654745445
+237695353637
+237698994212
+237651551109
+237699533915
+237696723409
+237693229255
+237690986316
+237692941318
+237655846036
+237691104925
+237696425295
+237679472772
+237693149814
+237695680390
+237696789325
+237671655258
+237691901815
+237653094243
+237653526347
+237695834542
+237699787078
+237690291877
+237696640612
+237680720501
+237658824022
+237656416709
+237655706802
+237678069826
+237658923723
+237679690320
+237695946185
+237674497477
+237677336647
+237696707819
+237693088619
+237655761597
+237690597639
+237690776643
+237693815962
+237697419603
+237696363123
+237651803067
+237691119072
+237699130444
+237694183919
+237693131422
+237683708553
+237690060484
+237653609573
+237671273810
+237658623659
+237655442435
+237698109324
+237692032615
+237698728091
+237656571204
+237680385739
+237699748419
+237693142075
+237696557925
+237691677662
+237673340508
+237691179759
+237693695532
+237654272745
+237694944184
+237694693075
+237698794158
+237691188434
+237691017805
+237658199720
+237697443035
+237697810420
+237657178627
+237677556543
+237698566269
+237652619546
+237693105882
+237690608666
+237676904454
+237659043799
+237694367030
+237691056113
+237674330007
+237656233993
+237672831455
+237683591920
+237651345629
+237694455529
+237693217578
+237678665688
+237699467090
+237658812808
+237698288739
+237698810031
+237698244860
+237691474191
+237695704744
+237656075956
+237658010479
+237658112415
+237653368018
+237650307480
+237695704880
+237694259602
+237672578320
+237690681806
+237690181403
+237678329068
+237696768348
+237695489112
+237697587103
+237691618712
+237694387279
+237656071001
+237691427709
+237675337597
+237695571531
+237655922311
+237693129108
+237690988988
+237695391991
+237690182323
+237677255031
+237690591348
+237674406908
+237696407870
+237695548702
+237652365080
+237657834402
+237698961036
+237697682618
+237676387086
+237677527341
+237698509798
+237690883352
+237690038054
+237658840294
+237698284733
+237653997646
+237628581510
+237694299395
+237696319767
+237696006985
+237699807354
+237650243453
+237690441076
+237683022866
+237696574337
+237694926233
+237656386391
+237699903986
+237691475084
+237698798593
+237691068454
+237671291802
+237657167788
+237694436254
+237679313999
+237679118387
+237691169275
+237650759058
+237696928795
+237697423231
+237680600979
+237658003765
+237672591482
+237699723620
+237678468053
+237674810231
+237695820481
+237691200727
+237698574907
+237673828796
+237654778641
+237690034531
+237693469936
+237678386842
+237650045147
+237659134205
+237650916015
+237698112907
+237620362638
+237690089267
+237698300099
+237697788587
+237698510237
+237690477194
+237679720731
+237699056106
+237657417562
+237694557096
+237693825944
+237695489992
+237674208324
+237692790993
+237693460754
+237675710043
+237695762211
+237695797910
+237693673364
+237656244747
+237694533148
+237698028766
+237698918653
+237690957172
+237658022365
+237693929136
+237696971099
+237651913601
+237671320640
+237652337989
+237657659264
+237690623967
+237675638605
+237696846913
+237694060235
+237690996817
+237696684545
+237694271706
+237692105544
+237682435882
+237696099251
+237672196100
+237696702982
+237657512369
+237696227436
+237695394170
+237695010370
+237782541834
+237690272102
+237656027014
+237692678665
+237698795423
+237697229987
+237656896819
+237694233220
+237699150771
+237658648915
+237654780492
+237693344256
+237655835383
+237678075726
+237655511181
+237680960666
+237697237001
+237655169980
+237655678049
+237691774626
+237656939849
+237693924477
+237681055319
+237690705812
+237673934290
+237676796332
+237655880957
+237690669494
+237699643224
+237682902740
+237691331188
+237695781333
+237696273189
+237697516114
+237698958983
+237697179931
+237697875907
+237670749705
+237652077522
+237691956641
+237690478839
+237697575654
+237652542462
+237690405058
+237675502067
+237650853058
+237672986939
+237694350492
+237699745904
+237695710195
+237690066113
+237691468651
+237697866681
+237677475125
+237680333345
+237656672747
+237699749069
+237695658542
+237693715339
+237655767793
+237691445579
+237653842809
+237675044513
+237695307048
+237653915813
+237678965305
+237679469056
+237690262550
+237690942941
+237691180351
+237678884221
+237672969327
+237699789915
+237699869273
+237699881754
+237699928082
+237699963437
+237699968479
+237699977956
+237693086600
+237693095504
+237693257301
+237693347763
+237693381753
+237693435762
+237693437228
+237693457295
+237696342538
+237696343672
+237696367811
+237696392982
+237696393144
+237696432246
+237696496753
+237696524833
+237696878328
+237696895030
+237696910781
+237696997739
+237697015796
+237697023000
+237697057593
+23769707000z
+237699177636
+237699194750
+237699210778
+237699241028
+237699266776
+237699282493
+237699285439
+237699312624
+237698012136
+237698086390
+237698194758
+237698309800
+237698345255
+237698384473
+237698385004
+237698387705
+237699419662
+237699438367
+237699462115
+237699495219
+237699511696
+237699527743
+237699585371
+237699589348
+237677387336
+237677389060
+237677392320
+237677403484
+237677423583
+237677449433
+237677474120
+237677518058
+237696587262
+237696597461
+237696618325
+237696622549
+237696631343
+237696663227
+237696728620
+237696742390
+237694600368
+237694638139
+237694661768
+237694687176
+237694691357
+237694905383
+237694909580
+237694911691
+237697275133
+237697299035
+237697313712
+237697344044
+237697526504
+237697532611
+237697593760
+237694073830
+237694094015
+237694110030
+237694171601
+237694174240
+237694178312
+237694193714
+237694199943
+237695294680
+237695294897
+237695413360
+237695436136
+237695474630
+237695551793
+237695595610
+237695639454
+237682948487
+237683176143
+237683747190
+237683779351
+237690103778
+237690148506
+237690190946
+237690261057
+237691240915
+237691294164
+237691340554
+237691345158
+237691373176
+237691395818
+237691414342
+237679749964
+237679797159
+237680010123
+237680011262
+237680020376
+237680170464
+237680180324
+237680216125
+237698651471
+237698712360
+237698782272
+237698803508
+237698814454
+237698844074
+237698907013
+237698929376
+237693617996
+237693652985
+237693698655
+237693699782
+237693703202
+237693731686
+237693749076
+237693767924
+237695961506
+237695970997
+237695995553
+237695999996
+237696009477
+237696025925
+237696052566
+237650483548
+237650520860
+237650565522
+237650596634
+237650698925
+237650743316
+237650801512
+237650829703
+237690417275
+237690426717
+237690429649
+237690439680
+237690444880
+237690447851
+237690525126
+237690548815
+237690695392
+237690707069
+237690720282
+237690722897
+237690734961
+237690785020
+237690830670
+237690879538
+237691544029
+237691553356
+237691604834
+237691621500
+237691654314
+237691724531
+237691807140
+237691850332
+237680221701
+237680328110
+237680395304
+237680700793
+237680971032
+237681225739
+237681332917
+237679290211
+237679312958
+237679318399
+237679384818
+237679384851
+237679400577
+237679477901
+237679484834
+237682189819
+237682217044
+237682264384
+237682369989
+237682533325
+237682630185
+237682663954
+237682798912
+237677641725
+237677668052
+237677679143
+237677684257
+237677793171
+237677856685
+237677873400
+237677876607
+237677893224
+237677896826
+237677897783
+237677954256
+237677976003
+237678141615
+237678183495
+237678256950
+237676156966
+237676281166
+237676296257
+237676336284
+237676351831
+237676369470
+23767637700z
+237678565039
+237678580023
+237678715078
+237678726178
+237678769158
+237678785857
+237678796927
+237678962835
+237690955986
+237690964822
+237690968075
+237690974420
+237690975529
+237690990157
+237690999919
+237691070779
+237676457461
+237676479619
+237676563669
+237676778936
+237676784605
+237676877699
+237676889540
+237677022624
+237671380099
+237671405890
+237671482193
+237671484421
+237671663163
+237671676652
+237671710033
+237675207305
+237675207779
+237675231357
+237675353474
+237675365881
+237675414758
+237675437525
+237675501460
+237677035414
+237677043332
+237677125146
+237677148906
+237677276293
+237677304698
+237677314418
+237677329969
+237674240566
+237674294699
+237674403050
+237674404041
+237674504267
+237674620729
+237674640021
+237674671585
+237672784458
+237672948227
+237673252565
+237673269380
+237673369109
+237673398446
+237673432892
+237673636099
+237672276982
+237672352867
+237672397188
+237672482739
+237672543333
+237672551931
+237672588452
+237672677783
+237696161718
+237696196388
+237696198263
+237696200361
+237696212005
+237696232649
+237696234511
+237696238807
+237674910375
+237674940480
+237674971363
+237675027840
+237675027910
+237675068891
+237675074538
+237675089737
+237657972448
+237658079817
+237658139565
+237658274887
+237658326741
+237658485179
+237658506405
+237658585894
+237665778019
+237666115358
+237666265720
+237666439740
+237669206432
+237669885295
+237670054569
+237670100619
+237670387262
+237670527170
+237670561432
+237670590194
+237670592424
+237670650345
+237670739616
+237670779722
+237660228042
+237660260390
+237660394683
+237660562210
+237660696689
+237662379616
+237662618938
+237665190640
+237671024324
+237671071807
+237671146422
+237671184622
+237671276440
+237671304191
+237659327450
+237659365026
+237659374126
+237659416905
+237659436618
+237659455857
+237659752532
+237660153090
+237673770407
+237673779597
+237673780599
+237673781632
+237673867362
+237673879783
+237673891189
+237673945141
+237675844015
+237675861231
+237675899405
+237675915212
+237675942311
+237675952199
+237676001932
+237676027604
+237656273704
+237656410702
+237656430219
+237656500150
+237656647952
+237656769912
+237656784691
+237656828575
+237671890889
+237671913472
+237671929954
+237672050532
+237672087491
+237672114670
+237672140123
+237672194739
+237655294389
+237655323489
+237655352890
+237655389474
+237655441688
+237655466672
+237655517567
+237655529940
+237659113656
+237659173984
+237659207470
+237659270004
+237659285652
+237659291041
+237659316254
+237659327368
+237658666104
+237658737325
+237658777897
+237658817421
+237658976685
+237658992254
+237659017275
+237659082828
+237653724795
+237653773334
+237653805655
+237653831255
+237653911689
+237653916395
+237653971360
+237654048330
+237655925285
+237655940316
+237655961610
+237655968245
+237655994298
+237656202437
+237656242302
+237656262926
+237651020825
+237651062045
+237651062612
+237651092916
+237651100422
+237651159005
+237651279169
+237651322063
+237656830975
+237656837452
+237656848843
+237656923472
+237657006041
+237657039026
+237657086286
+237657094218
+237654818198
+237654905574
+237655016678
+237655044686
+237655126385
+237655145288
+237655163212
+237655192025
+237654083762
+237654155412
+237654242311
+237654382331
+237654419036
+237654457457
+237654534116
+237654582315
+237655654045
+237655717306
+237655776901
+237655817526
+237655847251
+237655861808
+237655891344
+237655898586
+237652667182
+237652725318
+237652766780
+237652924490
+237652985195
+237653078705
+237653118777
+237653203048
+237653397212
+237653436783
+237653471822
+237653531181
+237653534890
+237653559614
+237653683653
+237657287761
+237657314693
+237657408766
+237657411731
+237657425170
+237657439472
+237657513251
+237651324377
+237651414848
+237651514440
+237651537524
+237651717928
+237651738317
+237651744709
+237620387012
+237650131937
+237650295761
+237650345533
+237650352502
+237243064065
+237657524367
+237657567428
+237657606120
+237657635139
+237657843140
+237657896631
+237657947486
+237651776324
+237651890333
+237651903026
+237651950249
+237652049307
+237652111023
+237652308678
+237670400649
+237674135262
+237674183061
+237674617475
+237674645108
+237674734056
+237674754667
+237674824032
+237675026477
+237690165604
+237690181195
+237690422904
+237690424200
+237690464996
+237690577477
+237690601982
+237690621036
+237676415061
+237676697836
+237676920871
+237676943827
+237676981686
+237677007493
+237677070690
+237677395151
+237691417399
+237676266715
+237671417953
+237651853030
+237652648125
+237653053791
+237653716845
+237654389688
+237654801931
+237655214450
+237655271105
+237699573228
+237699580207
+237699642455
+237699691442
+237699711408
+237699717538
+237699767284
+237699857870
+237698580915
+237698584922
+237698586948
+237698688296
+237698701425
+237698745449
+237698745779
+237698826059
+237697421444
+237697447316
+237697449997
+237697481083
+237697615303
+237697727341
+237694176656
+237694217479
+237694222003
+237694256769
+237694321088
+237694414488
+237694566997
+237694605072
+237695435186
+237695436965
+237695455426
+237695493545
+237695601405
+237695669641
+237695890742
+237696155402
+237691582120
+237691700038
+237691751694
+237691758543
+237691907055
+237693002410
+237693129376
+237694733065
+237694744001
+237694744942
+237694772520
+237694790775
+237695032536
+237695065133
+237695313883
+237665344600
+237651474908
+237656783504
+237657894228
+237658210800
+237650032252
+237650101308
+237650486242
+237650504502
+237651156415
+237651319543
+237651721734
+237657771339
+237652097815
+237655309025
+237655334003
+237655418815
+237655499207
+237655570389
+237655626675
+237655663354
+237655717529
+237655735297
+237655781452
+237656022953
+237656026171
+237656139260
+237656244810
+237656707176
+237691104304
+237693354544
+237694635866
+237697722114
+237697964101
+237693767658
+237694118842
+237694776509
+237696025395
+237697394637
+237697465606
+237697742679
+237698162638
+237676786732
+237677462863
+237677707259
+237678171458
+237678889886
+237679337183
+237679342119
+237654578117
+237654959725
+237659290976
+237670823907
+237672258777
+237672622094
+237243664309
+237695510600
+237695531300
+237696703742
+237697335058
+237698510124
+237698884835
+237651215710
+237671506381
+237675092783
+237675069525
+237675742980
+237675755914
+237677982455
+237679023979
+237682158678
+237695016957
+237695665002
+237697767594
+237699825264
+237694851889
+237695190277
+237695486676
+237696004349
+237696048213
+237696502167
+237696550139
+237696589877
+237697009203
+237697303500
+237697795453
+237699129018
+237699774345
+237699887492
+237699937547
+237655327341
+237655419286
+237696038910
+237651527856
+237657409778
+237670178338
+237671308090
+237671341274
+237672058847
+237672609091
+237674324877
+237674850826
+237696454925
+237699242753
+237675505568
+237691815707
+237694077115
+237694639905
+237694984122
+237673518505
+237674233038
+237674246535
+237674313114
+237674340696
+237675119066
+237676042309
+237676244804
+237676557934
+237679441222
+237680405426
+237680735611
+237690357891
+237690385430
+237693267462
+237699880846
+237699921532
+237676296276
+237677230239
+237679291909
+237679640517
+237690194968
+237690334270
+237690629308
+237690679819
+237690777070
+237690877257
+237690944236
+237691440675
+237692040932
+237693214417
+237693551795
+237693915326
+237694581850
+237656806633
+237665493969
+237677215074
+237694800925
+237695310024
+237699613324
+237682889255
+237690190501
+237691205528
+237691741600
+237691927205
+237693241257
+237674815093
+237675343030
+237675864562
+237675903222
+237675945274
+237676015090
+237676224325
+237677455198
+237677784844
+237694655452
+237676594817
+237677685953
+237677734863
+237654764366
+237657632791
+237650255737
+237650573272
+237650683241
+237652550163
+237652764847
+237653991413
+237699045962
+237675123358
+237699858934
+237699954037
+237675328976
+237691060921
+237693836281
+237695598907
+237695666059
+237697051851
+237672284526
+237675575244
+237676533243
+237676605268
+237677340630
+237691026430
+237696242607
+237698001516
+237698461014
+237698611556
+237699336822
+237696370777
+237698094955
+237698228138
+237698314301
+237698521650
+237699307889
+237699633353
+237699867207
+237676248736
+237697582737
+237670384880
+237670703968
+237670705590
+237672213195
+237672282426
+237674241911
+237675084984
+237675271677
+237675395782
+237677392474
+237677419227
+237677552441
+237677748928
+237690647960
+237690651037
+237690699175
+237690953704
+237694704921
+237694705242
+237695269918
+237697001476
+237699006947
+237699776962
+237656079794
+237675151234
+237678454652
+237676108250
+237693340348
+237693537750
+237695790194
+237696842941
+237697373877
+237697425290
+237697850186
+237699105018
+237699134021
+237674380574
+237691207909
+237670343386
+237670539823
+237670646230
+237671305289
+237672452514
+237673406831
+237673510654
+237673932477
+237674107766
+237677864443
+237678167520
+237678924288
+237679136594
+237679279415
+237679689522
+237679915999
+237680692948
+237681999774
+237695088653
+237695633255
+237696214354
+237696229905
+237697249236
+237698139730
+237699515916
+237699989955
+237654048085
+237675169027
+237679106120
+237691588358
+237677478830
+237679598931
+237675167769
+237682439911
+237655663233
+237658648067
+237659267783
+237672177267
+237675679416
+237678095366
+237697144191
+237650781339
+237652376447
+237654151985
+237654709472
+237655182207
+237655743080
+237698252125
+237699188066
+237699533637
+237699657292
+237699667344
+237696099886
+237696308918
+237696770191
+237698105068
+237690662361
+237690796371
+237691551387
+237691635175
+237691815602
+237691994537
+237693018753
+237693151420
+237681485177
+237683215853
+237690492872
+237690584771
+237690586486
+237673829126
+237674658564
+237674955600
+237675252769
+237675536696
+237675706293
+237675709224
+237670016148
+237670065088
+237670345207
+237671871764
+237672363591
+237673111634
+237673806825
+237655834112
+237656508203
+237657009883
+237657328017
+237658292234
+237676516579
+237677148780
+237677798610
+237678192030
+237679722143
+237680077535
+237680327253
+237693214268
+237693748025
+237694148070
+237694177024
+237694989375
+237695403462
+237695707254
+237696045335
+237692579777
+237699616422
+237651378150
+237681189436
+237691281753
+237657056793
+237658070741
+237658368429
+237658661941
+237670729664
+237674828434
+237699881277
+237699973104
+237696827052
+237696856740
+237697189667
+237697241423
+237697298670
+237697445751
+237697901327
+237694510029
+237694722330
+237694740586
+237694763766
+237695557844
+237654469756
+237675446318
+237675446429
+237679985707
+237651776704
+237674557611
+237674469654
+237652570301
+237654979223
+237656205660
+237654985277
+237698550557
+237675047402
+237677777061
+237681713352
+237691709841
+237695083892
+237695596399
+237696567427
+237699428075
+237699457769
+237699733445
+237699844843
+237699928330
+237674471337
+237674529548
+237675381404
+237675718667
+237675884979
+237676929607
+237677611217
+237678119270
+237681804779
+237698422252
+237698557690
+237698857012
+237696100410
+237696259428
+237696334036
+237696579667
+237697027891
+237690806435
+237691018725
+237690045453
+237690146372
+237690165817
+237690176411
+237690378985
+237674632301
+237675027215
+237675207344
+237659187377
+237671620069
+237656543659
+237656607414
+237656868936
+237657787298
+237657790035
+237677132678
+237677698612
+237694366066
+237694925395
+237690582892
+237691935567
+237693227248
+237694395669
+237694746445
+237695235077
+237695720977
+237696093625
+237696798394
+237696985531
+237697196126
+237697892492
+237698025191
+237698185491
+237698280458
+237699094938
+237699290750
+237699319290
+237699358821
+237699881516
+237674196791
+237676996478
+237677738242
+237652525956
+237677146848
+237696825983
+237656938216
+237698814896
+237699167325
+237699617244
+237699632961
+237699820619
+237691560013
+237691725756
+237691869963
+237693182202
+237694874827
+237676383122
+237676964408
+237677109840
+237677217819
+237677392028
+237677612288
+237677641374
+237677796643
+237670175550
+237673354454
+237694631204
+237695277895
+237695498205
+237691443406
+237693294472
+237693357175
+237693542013
+237693609267
+237693894124
+237694323785
+237674648038
+237674860401
+237675318698
+237656139234
+237656564433
+237656567574
+237657528355
+237659216321
+237653589789
+237655519242
+237655859491
+237655923369
+237654242686
+237655009987
+237655043479
+237655080041
+237655275017
+237655588742
+237655662380
+237676965055
+237691029751
+237655227298
+237657690037
+237672679178
+237651896426
+237652323329
+237653019129
+237650119718
+237653039859
+237671054429
+237671677307
+237671971456
+237672145936
+237676019244
+237677000678
+237677628564
+237677757616
+237677766289
+237677871954
+237678675151
+237679141966
+237679608931
+237680531836
+237680849863
+237682682887
+237690524121
+237690541288
+237691403683
+237695751897
+237696211565
+237696450706
+237697940568
+237699055969
+237699350519
+237699536012
+237699691553
+237698840923
+237698960336
+237699061986
+237699130822
+237699221820
+237699232794
+237699255350
+237699326060
+237698160173
+237698174917
+237698283886
+237698295829
+237698317412
+237698324564
+237698437193
+237698739757
+237696422981
+237696831184
+237696898964
+237696900493
+237696912850
+237696972088
+237697036625
+237697212919
+237697251650
+237695883272
+237696049742
+237696098470
+237696244432
+237696265231
+237696273726
+237696373457
+237696407975
+237695433491
+237695435535
+237695569661
+237695624511
+237695631246
+237695672230
+237695736190
+237695857767
+237695863592
+237694270555
+237694293700
+237694460794
+237694819858
+237695174678
+237695201215
+237691612380
+237691632456
+237691834818
+237693002488
+237693082742
+237693084396
+237690677364
+237690852002
+237690901463
+237690942934
+237690969756
+237691008990
+237691011175
+237691286385
+237682236367
+237682287742
+237682423231
+237682459520
+237683656700
+237683825483
+237690075652
+237681154326
+237681462366
+237681463099
+237681559965
+237682001750
+237682160488
+237682205332
+237679675679
+237679700842
+237679778029
+237679956728
+237680748072
+237690143716
+237690160907
+237690268453
+237690333961
+237690439067
+237690484034
+237690610003
+237690621022
+237693176283
+237693184290
+237693313861
+237693337976
+237693718549
+237693732173
+237693774019
+237693923082
+237694070323
+237694205728
+237697346173
+237697455752
+237697637330
+237697723820
+237697736333
+237698043397
+237699331230
+237699611358
+237699674049
+237699764148
+237677641744
+237677702241
+237677708056
+237677743033
+237678308168
+237678677183
+237679037038
+237679127730
+237679292290
+237676650784
+237676673387
+237676770973
+237676880494
+237676954914
+237677312548
+237677338725
+237677371224
+237677517721
+237677521708
+237674670310
+237674914640
+237675315733
+237675394245
+237675531852
+237671003824
+237671088371
+237671115379
+237671275487
+237671339722
+237671486471
+237671617229
+237671627823
+237671838433
+237672104923
+237657698007
+237657729795
+237658081837
+237658115358
+237658280787
+237658799651
+237659030840
+237659481581
+237656181033
+237656292523
+237656474624
+237656541889
+237656550609
+237656878113
+237656898333
+237656991758
+237657226780
+237653459620
+237653559300
+237654071039
+237654162376
+237654737530
+237654768471
+237651991627
+237652136179
+237652893748
+237652907237
+237653098451
+237653316800
+237653340747
+237650565923
+237650659205
+237658920348
+237659027403
+237670367706
+237671759019
+237673686415
+237674448148
+237675549636
+237675999351
+237676650549
+237651187521
+237651558643
+237652136566
+237652933334
+237653687867
+237654462727
+237655130334
+237655853463
+237655877833
+237655972228
+237656031315
+237656070198
+237656486108
+237656557278
+237656681073
+237658003545
+237658154242
+237658554819
+237650025992
+237650468599
+237650562117
+237651133117
+237677037959
+237678147014
+237678820976
+237679797300
+237681861942
+237690058436
+237690717489
+237691153792
+237691189310
+237691268964
+237695064109
+237695211299
+237695709708
+237696286593
+237696704960
+237697789234
+237698244941
+237680488982
+237695396883
+237655850947
+237672586049
+237674099890
+237679650042
+237695214232
+237699983138
+237672386697
+237696940429
+237650660132
+237657049275
+237659408080
+237668348828
+237671681417
+237673512497
+237675107751
+237677462931
+237694731551
+237694742644
+237694757322
+237694807121
+237694883633
+237695906533
+237696169789
+237696294544
+237696539248
+237696814245
+237697957844
+237698307077
+237698404395
+237698618888
+237698841647
+237699015943
+237699707911
+237699711879
+237699728655
+237698295656
+237699069031
+237679953429
+237690144484
+237690919017
+237691911755
+237692361599
+237693240865
+237693613661
+237693967095
+237694570649
+237699790084
+237699807980
+237699908990
+237683298006
+237690932134
+237691628477
+237696519644
+237698973783
+237699711754
+237691651101
+237673729396
+237656313511
+237657851156
+237654100615
+237655206100
+237699041935
+237699093940
+237654439370
+237655182179
+237697689218
+237697838041
+237698096535
+237698276626
+237698442126
+237698531540
+237699902259
+237699920383
+237699976863
+237659135870
+237695094964
+237693597160
+237242008578
+237650911954
+237651216155
+237651303517
+237651658476
+237652357902
+237659220745
+237670105732
+237678939266
+237679249314
+237679619261
+237681314463
+237695801900
+237698601416
+237674086431
+237674196392
+237674324711
+237674605235
+237677944826
+237679271016
+237679728939
+237679908704
+237691312680
+237695777619
+237696340505
+237696836231
+237697153179
+237697481682
+237697574597
+237696552935
+237696729979
+237696887863
+237697030076
+237697068498
+237697357007
+237697505157
+237697552111
+237697741002
+237694305497
+237694493152
+237694584491
+237694943681
+237694965119
+237695000567
+237695238117
+237695349835
+237695428053
+237691558312
+237691583476
+237691641268
+237691649125
+237691930437
+237693963759
+237693987267
+237694177007
+237694213960
+237695527385
+237695770038
+237695951532
+237696035610
+237696099254
+237696256939
+237696314825
+237696415331
+237697863965
+237697913392
+237698024565
+237698371165
+237698632885
+237698965394
+237698992851
+237699117904
+237699144876
+237699176383
+237679712647
+237680136864
+237680209998
+237680245512
+237682187665
+237690061093
+237690136659
+237690638290
+237690774034
+237691039263
+237677997561
+237678070444
+237678371354
+237678373105
+237678525468
+237679163669
+237679285296
+237679343310
+237679653618
+237677201248
+237677496341
+237677529845
+237677575681
+237677688437
+237677738115
+237677950609
+237677967463
+237677980039
+237674505495
+237674532083
+237674555298
+237674745412
+237674807615
+237674923236
+237675420513
+237675599271
+237675708242
+237699221717
+237698311703
+237695662034
+237694410404
+237694851919
+237694967329
+237694972575
+237691504445
+237691738710
+237692388590
+237690875775
+237682740112
+237683230120
+237690025878
+237681530614
+237681553447
+237681591915
+237679357690
+237679398454
+237679433100
+237679728213
+237680530328
+237690162234
+237690247719
+237697709478
+237697821311
+237697864432
+237698041716
+237699814257
+237670089363
+237670611620
+237671181740
+237671603272
+237671606624
+237671879000
+237672430354
+237672482598
+237672758057
+237673059606
+237673110988
+237673952709
+237674143316
+237674426235
+237675764120
+237676001606
+237676047040
+237676122176
+237676365626
+237676397117
+237676466505
+237677007708
+237677055410
+237677151191
+237699252528
+237699492841
+237699515782
+237699552972
+237699559008
+237699581000
+237699596654
+237699783382
+237699859804
+237699982769
+237670529687
+237677997717
+237674824653
+237674998709
+237675116274
+237675331566
+237675508952
+237659039109
+237656598790
+237653785395
+237654053822
+237654165508
+237654355738
+237652653806
+237652773465
+237652950465
+237656175103
+237656215830
+237656302858
+237656360795
+237656539644
+237656553501
+237656741011
+237656803962
+237698561008
+237698978510
+237699375888
+237677967442
+237678030379
+237679595089
+237690251906
+237694082187
+237694562461
+237694784184
+237694866237
+237695842548
+237674742448
+237675096910
+237675238802
+237676195896
+237676397516
+237676564901
+237676605393
+237676618670
+237677050734
+237677718869
+237679622677
+237679894259
+237682467436
+237683831051
+237690253956
+237690356286
+237690370085
+237690370943
+237690513869
+237690586983
+237694093599
+237694662087
+237694781947
+237694869693
+237694995009
+237695353880
+237695480795
+237695684247
+237696719793
+237667288260
+237651193149
+237653059323
+237655199012
+237655319745
+237656465558
+237656487527
+237658110511
+237695408274
+237695438119
+237695588117
+237695879977
+237696275420
+237697258364
+237697340541
+237697785281
+237697786320
+237697901574
+237697553924
+237655595831
+237655662114
+237653202017
+237697163485
+237672418311
+237679333904
+237696556323
+237699905281
+237662689313
+237698310236
+237698504447
+237698888649
+237699033139
+237699420571
+237699734759
+237691928193
+237695403828
+237699618301
+237677730866
+237681231982
+237690054907
+237694742299
+237697057019
+237690631912
+237691138274
+237691671386
+237693291528
+237693516218
+237693958690
+237694374859
+237694518978
+237695167972
+237678720273
+237693013606
+237694594065
+237695378593
+237695740494
+237695831265
+237697007266
+237699419470
+237699583584
+237654718631
+237677372478
+237673499104
+237677637591
+237677984450
+237678038659
+237683742402
+237690229115
+237690236534
+237690239912
+237691142431
+237696735737
+237697047113
+237697062061
+237698200137
+237699014842
+237699449463
+237699640833
+237698561078
+237698603969
+237699936166
+237670379531
+237676942758
+237677443604
+237678525080
+237679957206
+237693041998
+237693943165
+237694136625
+237694257851
+237694281778
+237694483428
+237695575815
+237694297719
+237695932505
+237696032107
+237696139147
+237699896275
+237671457731
+237677379767
+237677604054
+237650678738
+237651040890
+237651172782
+237651358355
+237651412855
+237651604929
+237654873091
+237655020453
+237655044003
+237655153938
+237655241155
+237655408276
+237655452858
+237655515872
+237655599996
+237655607512
+237655818680
+237655831586
+237655854869
+237655990157
+237656005521
+237659485610
+237660062897
+237670728264
+237670784470
+237670870670
+237672137783
+237672290202
+237673163395
+237673278117
+237674165337
+237674290288
+237674587959
+237674603354
+237675754523
+237675920525
+237676133695
+237676157827
+237676227926
+237676471694
+237676512934
+237698956685
+237699227417
+237699284605
+237699457904
+237699817983
+237699927288
+237699981946
+237690949908
+237691282495
+237691421952
+237680886910
+237683886774
+237683904500
+237671116859
+237671299617
+237671303944
+237671855226
+237673328433
+237673701102
+237674096386
+237674448323
+237675280402
+237655102999
+237655130865
+237655202708
+237655408117
+237655409545
+237655492884
+237655566742
+237655576831
+237242901085
+237650721707
+237650742891
+237650773281
+237651482866
+237651666615
+237651719474
+237651798718
+237651809220
+237652340643
+237653033671
+237653919020
+237654009154
+237654247146
+237655689433
+237655751797
+237655851979
+237656056827
+237656088019
+237656147842
+237656149085
+237656221120
+237656291740
+237656301516
+237656301802
+237656798457
+237656913276
+237656999135
+237657718216
+237657836380
+237657859156
+237658747479
+237659153966
+237659159728
+237659227903
+237659311702
+237659367555
+237659457610
+237670051243
+237670790560
+237671057380
+237675675294
+237675687015
+237675990900
+237677407180
+237677580280
+237677947529
+237677997656
+237678361482
+237678552469
+237678742050
+237679196660
+237680335937
+237690034207
+237690108539
+237690223380
+237690269070
+237690324038
+237690428981
+237690829963
+237692847988
+237693472339
+237694061463
+237694070166
+237694972799
+237695030438
+237696021427
+237696024774
+237696082516
+237696221328
+237696279368
+237696700117
+237696997707
+237697450790
+237697679219
+237697732930
+237697979073
+237698148216
+237698272243
+237698401350
+237698571448
+237698842416
+237698898855
+237697727725
+237698235461
+237698354652
+237698484968
+237698599449
+237699108604
+237696486361
+237696697299
+237697105804
+237697174238
+237697223066
+237697267808
+237691345221
+237691483719
+237691601774
+237691836573
+237691947138
+237693030980
+237693213403
+237693304402
+237675924671
+237675937471
+237677170267
+237677226627
+237678037872
+237678056609
+237678423015
+237656307332
+237656463541
+237656516733
+237656648478
+237657464429
+237659298384
+237671167243
+237650287922
+237655294021
+237655780563
+237670505747
+237670506565
+237671406026
+237671480784
+237672159356
+237673337073
+237673979874
+237674032852
+237675828350
+237678733868
+237679742319
+237683564856
+237690201826
+237690259829
+237690773161
+237691145815
+237691319295
+237691334495
+237694145962
+237694781254
+237695070234
+237695102436
+237695424217
+237695458298
+237695748725
+237695808796
+237696113022
+237699119922
+237699131426
+237699356150
+237699507624
+237699958635
+237699998442
+237243896292
+237650193319
+237652852911
+237655274918
+237655530844
+237655545581
+237655734078
+237674136697
+237674171396
+237675880756
+237675921236
+237679994332
+237680849755
+237680929557
+237682327227
+237690168080
+237690541371
+237690817974
+237691047473
+237691147850
+237691414540
+237691838375
+237692153789
+237692913476
+237693542034
+237693852253
+237694137276
+237694228357
+237694251370
+237695964281
+237696287168
+237696324788
+237696341810
+237696586693
+237696621653
+237696748691
+237697054848
+237697419437
+237697459751
+237697664292
+237697812195
+237697908252
+237697967126
+237698126613
+237698732323
+237699142692
+237699671169
+237650244090
+237650281851
+237650386986
+237650631039
+237650696877
+237650723866
+237658510024
+237658554689
+237658612667
+237658619863
+237658628598
+237658652302
+237658662397
+237658664939
+237655875857
+237655898865
+237655970152
+237656014955
+237656017993
+237656138609
+237656140360
+237656204126
+237655451068
+237655456200
+237655462729
+237655473776
+237655479143
+237655490148
+237655536818
+237655561639
+237655615491
+237657550888
+237657586849
+237657621261
+237657761540
+237657785813
+237657795221
+237657831878
+237657840615
+237657874009
+237656876848
+237656941146
+237656987596
+237656991790
+237657073421
+237657079043
+237657162989
+237673463662
+237673478720
+237673728277
+237673960569
+237674181685
+237674444705
+237674638694
+237674683200
+237674914556
+237671039833
+237671395990
+237671914699
+237671924769
+237671944931
+237672114300
+237672153569
+237672450616
+237672474770
+237655651789
+237655697144
+237655746013
+237655751936
+237655790101
+237655810920
+237655858498
+237656283586
+237656403835
+237656405927
+237656406263
+237656448555
+237656555689
+237656619515
+237656682558
+237656713735
+237656810626
+237657951431
+237657973252
+237657980122
+237657983645
+237658106500
+237658107661
+237658129521
+237651548444
+237651666170
+237651747540
+237651792765
+237651904734
+237651993280
+237652037620
+237652145002
+237657195344
+237657275621
+237657339298
+237657369800
+237657413016
+237657430529
+237657456917
+237657489972
+237657504357
+237657511077
+237681437934
+237681800382
+237681808566
+237681867945
+237681921638
+237681954826
+237682321092
+237682530282
+237682613182
+237653572464
+237653754872
+237654328887
+237654420153
+237654886544
+237654909933
+237658141938
+237658190586
+237658208549
+237658225292
+237658262843
+237658279905
+237658331569
+237658336713
+237679355375
+237679364942
+237679665717
+237679741050
+237679743274
+237679918636
+237679954319
+237680093940
+237680133114
+237680154116
+237655028294
+237655041410
+237655108749
+237655273092
+237655288724
+237655289689
+237652145256
+237652329725
+237652381584
+237652385661
+237652612893
+237652863731
+237653178836
+237659052497
+237659135408
+237659145424
+237659150019
+237659158662
+237659160779
+237659199587
+237659255224
+237659275524
+237650484402
+237650714548
+237650780849
+237654234821
+237654271154
+237654284215
+237654415272
+237674353848
+237682317664
+237650940527
+237650978405
+237651030572
+237671752473
+237654593307
+237654862287
+237656806137
+237674909319
+237675824032
+237673388774
+237671307585
+237672979247
+237659693344
+237656269593
+237691587784
+237652850771
+237652870133
+237652983259
+237653386489
+237653419264
+237697284442
+237697510470
+237697821993
+237698227682
+237698385300
+237698560194
+237695522019
+237695570264
+237696113340
+237696477138
+237696675405
+237697049426
+237699107337
+237699137531
+237699196323
+237699422389
+237699531796
+237699551794
+237699674891
+237672572076
+237696064986
+237696772365
+237697008500
+237697328932
+237697388839
+237650458786
+237651448406
+237652117395
+237655638989
+237655669733
+237655804110
+237656051218
+237651390925
+237655198063
+237669097694
+237670202286
+237675952690
+237694305722
+237694738905
+237695050737
+237695142604
+237605522019
+237677093585
+237677360498
+237677537436
+237677665977
+237678908676
+237679153810
+237679334162
+237691159430
+237691226131
+237691266190
+237681583232
+237682608585
+237683042503
+237696261666
+237696454352
+237696662007
+237697255751
+237697539590
+237697704953
+237697790514
+237697805101
+237697867343
+237697964251
+237655414297
+237655168804
+237694328714
+237694419575
+237694892492
+237694966051
+237695029070
+237695811194
+237959095171
+237695940596
+237696010138
+237696076876
+237691648389
+237691732536
+237693000084
+237693562882
+237693729875
+237693768623
+237693772518
+237693786656
+237694215744
+237694238043
+237698120715
+237698551665
+237698714293
+237698873399
+237698943523
+237699136365
+237699223586
+237699227947
+237699625927
+237699687213
+237699745813
+237699943271
+237691855057
+237696284755
+237697090931
+237650601119
+237650839674
+237650896348
+237650997565
+237651096535
+237651159226
+237653006666
+237653551098
+237653849889
+237656404619
+237675668873
+237679208055
+237679353606
+237683983270
+237696693560
+237697327199
+237698080337
+237671228617
+237672004217
+237673202977
+237673758571
+237675614500
+237675751579
+237676264216
+237691361224
+237691486204
+237693453033
+237693566703
+237693899585
+237693977966
+237694077155
+237690402080
+237690462704
+237690641052
+237690687534
+237690872020
+237690954897
+237691395801
+237677946073
+237679361871
+237679547740
+237679988220
+237690069992
+237690163277
+237690305000
+237698352926
+237698645952
+237698983276
+237697197058
+237692921490
+237676482617
+237655472152
+237651122768
+237651971167
+237652266904
+237652620497
+237653049356
+237653733355
+237653778920
+237653940374
+237658402067
+237698760098
+237655288789
+237655295486
+237656097943
+237650212049
+237675408424
+237680714483
+237670141784
+237671005435
+237671988006
+237672012354
+237672378095
+237674256324
+237675484202
+237676998910
+237677271152
+237677577866
+237698210994
+237698329171
+237699056040
+237699119895
+237699130265
+237699179656
+237699278953
+237699412345
+237699417201
+237691085093
+237699125414
+237699778981
+237655440694
+237661005089
+237670133265
+237671088145
+237673312575
+237673343501
+237674992207
+237675442865
+237675611392
+237675956759
+237677047442
+237677079395
+237677562339
+237679468087
+237690615071
+237690644587
+237690680884
+237690740118
+237693106462
+237693569109
+237694042123
+237694276936
+237694479554
+237694490235
+237694535447
+237694664961
+237694883306
+237695045995
+237695650206
+237695995698
+237696041394
+237696135635
+237696216809
+237696218691
+237696327392
+237696893115
+237696903135
+237697052143
+237697224833
+237697439180
+237697481919
+237697718256
+237697853739
+237657853332
+237657972621
+237658234688
+237650112969
+237650758828
+237651092333
+237651574637
+237652286309
+237653422324
+237654496499
+237654860791
+237655117996
+237655490037
+237655510218
+237655519650
+237658439381
+237658547640
+237658614488
+237655864963
+237655938853
+237656277009
+237655429870
+237655614834
+237657529663
+237657712313
+237655522202
+237655736940
+237655757432
+237655882546
+237655909204
+237656295190
+237656883388
+237656894667
+237656900787
+237657478912
+237657516384
+237656858685
+237657140571
+237673293424
+237672282732
+237672996046
+237655636523
+237655690747
+237655797861
+237655815951
+237656643837
+237657977790
+237658085184
+237658111237
+237651465846
+237651619873
+237651882919
+237657264116
+237681799746
+237653506873
+237653585417
+237653683478
+237654077099
+237654337554
+237658263473
+237658421279
+237679562910
+237654979281
+237655174533
+237655238100
+237655372703
+237652615179
+237652720189
+237653290244
+237659081728
+237659150069
+237653462493
+237650891014
+237651013497
+237653420977
+237676224476
+237658457791
+237691852461
+237652909555
+237653029039
+237653316878
+237620190457
+237650673230
+237695909517
+237667469570
+237683042560
+237653881761
+237654161566
+237655669763
+237655804161
+237655878663
+237656524166
+237656553560
+237655934926 
+237695719644 
+237698020007 
+237654497037 
+237678561832 
+237690288277 
+237690316186 
+237690392843 
+237690841879 
+237696023418 
+237656203005 
+237697419719 
+237655656090 
+237670444305 
+237655736479 
+237695793109 
+237683042560
+237653881761
+237654161566
+237655669763
+237655804161
+237655878663
+237656524166
+237656553560
+237676796907
+237677026725
+237656162875
+237699742966
+237696822010
+237690744870
+237693863348
+237698585547
+237692617906
+237655335829
+237655754482
+237690206758
+237693648594
+237699164267
+237658675852
+237658779529
+237658802576
+237658897493
+237658964442
+237659573961
+237659794869
+237662178294
+237662338725
+237667946652
+237668844828
+237670077898
+237670465536
+237670606370
+237675087859
+237675326515
+237675515951
+237675687508
+237675705213
+237675744523
+237675913392
+237690373727
+237690415685
+237690447534
+237690612946
+237690614915
+237690615819
+237690650831
+237680522662
+237680549559
+237680568347
+237680572926
+237680601199
+237680791943
+237680839037
+237681146389
+237681207433
+237691478070
+237691528001
+237691742432
+237691763928
+237691910915
+237693214533
+237693252518
+237693321585
+237693395266
+237693482004
+237693512658
+237690797963
+237690832863
+237690873788
+237690913944
+237690934564
+237690962260
+237690964133
+237690990324
+237691009107
+237693901652
+237693930313
+237693932891
+237693933456
+237693974901
+237693982214
+237693982341
+237694048112
+237694086258
+237691967640
+237692202342
+237692364890
+237692440728
+237692518168
+237692522407
+237692629958
+237692765178
+237692912487
+237692946924
+237682740197
+237682764575
+237683442367
+237690039896
+237690086707
+237690129823
+237690168707
+237690178329
+237690192855
+237691021446
+237691115131
+237691151632
+237691153964
+237691166616
+237691252694
+237691331504
+237691335768
+237691356368
+237691424830
+237698816166
+237698887528
+237698890207
+237698915622
+237698928659
+237699036049